cmaEs	differentialEvolution	es-0.02	es-0.25	es-0.5	ga-0.02	ga-0.25	ga-0.5	pso
510	465	180	180	9930	600	3600	9600	600
510	165	180	180	9930	600	600	9600	600
425	390	180	180	9930	600	2600	9600	7600
510	690	180	180	9930	600	9600	9600	9600
425	240	180	180	9930	600	6600	9600	600
425	165	180	180	9930	600	9100	9600	600
340	165	180	180	9930	100	100	100	100
680	240	180	180	9930	600	9600	9600	600
340	165	180	180	9930	600	600	9600	600
510	240	180	180	9930	600	8600	9600	6100
425	540	180	180	9930	600	9600	9600	4600
425	390	180	180	9930	600	7600	9600	6600
255	165	180	180	9930	600	9600	9600	600
510	315	180	180	9930	600	2100	9600	600
425	165	180	180	9930	600	8100	9600	600
425	240	30	30	30	100	100	100	100
510	240	180	180	9930	600	9600	9600	3100
340	315	180	180	9930	600	1600	9600	600
425	465	180	180	9930	600	9600	9600	600
340	540	180	180	9930	600	2600	9600	8100
340	465	180	180	9930	600	4100	9600	3600
510	315	180	180	9930	600	2100	9600	600
425	315	180	180	9930	600	4600	9600	9100
595	15	30	30	30	100	100	100	100
425	540	180	180	9930	600	9600	9600	1600
340	240	180	180	9930	600	9600	9600	1600
255	390	180	3480	9930	600	9600	9600	9600
340	240	180	180	9930	600	9600	9600	600
510	390	180	180	9930	600	8600	9600	600
255	315	180	180	9930	600	9600	9600	600
360	390	180	1080	9930	600	9600	9600	1100
180	315	180	330	9930	600	6100	9600	1600
180	315	180	2280	9930	600	5100	9600	1100
240	240	180	1530	9930	600	9100	9600	1100
300	240	180	180	9930	600	9600	9600	1100
420	390	180	5730	9930	600	7100	9600	1100
300	465	180	3780	9930	600	8600	9600	600
300	390	180	780	9930	600	7100	9600	1100
180	240	180	930	9930	600	9600	9600	600
300	240	180	1980	9930	600	5600	9600	1100
180	315	180	1230	9930	600	4100	9600	2600
300	315	180	2280	9930	600	9600	9600	1600
180	315	180	930	9930	600	9600	9600	2100
300	390	180	180	9930	600	5100	9600	1100
180	240	180	6780	9930	600	9600	9600	1600
300	240	180	1680	5130	600	9600	9600	1100
120	240	180	6630	9930	600	9600	9600	1100
360	240	180	1380	9930	600	4100	9600	2100
300	240	180	1380	9930	600	9600	9600	1100
240	390	180	1080	9930	600	4100	9600	1600
240	315	180	1080	9930	600	9600	9600	2600
300	165	180	8730	9930	600	4600	9600	1100
300	165	180	180	9930	600	6100	9600	1100
180	390	180	5730	9930	600	4100	9600	1600
180	240	180	2280	9930	600	2100	9600	1100
240	390	180	480	9930	600	5100	9600	600
240	315	180	330	8880	600	6100	9600	1100
300	240	180	480	9930	600	5100	9600	1600
300	390	180	1230	9930	600	3600	9600	1600
180	390	180	930	9930	600	9600	9600	1100
950	1965	180	180	9930	600	9600	9600	600
665	315	180	180	9930	100	100	100	100
760	765	180	180	9930	600	9600	9600	600
855	1665	180	180	9930	100	100	100	100
950	3015	180	180	9930	600	9600	9600	8600
855	15	30	30	30	100	100	100	100
665	1815	180	180	9930	600	9600	9600	600
760	390	180	180	9930	600	9600	9600	600
665	15	30	30	30	100	100	100	100
855	840	180	180	9930	600	9600	9600	600
855	6090	180	180	9930	600	9600	9600	600
950	9990	180	180	9930	100	100	100	100
760	915	180	180	9930	100	100	100	100
855	1515	180	180	9930	600	9600	9600	600
1140	465	180	180	9930	600	9600	9600	600
760	15	30	30	30	100	100	100	100
855	540	180	180	9930	600	9600	9600	9600
760	2790	180	180	9930	600	9600	9600	9600
855	990	180	180	9930	600	5100	9600	600
760	15	30	30	30	100	100	100	100
855	465	180	180	9930	100	100	100	100
1140	540	180	180	9930	600	4100	9600	600
665	1290	180	180	9930	600	9600	9600	7600
950	540	180	180	9930	600	9600	9600	600
665	1665	180	180	9930	600	9600	9600	600
1045	2640	180	180	9930	600	9600	9600	600
855	1140	180	180	9930	600	7600	9600	600
1045	840	180	180	9930	600	9600	9600	9600
665	540	180	180	9930	600	9600	9600	9600
665	690	180	180	9930	100	100	100	100
2970	9990	180	180	9930	100	100	100	100
2970	9990	180	180	9930	600	9600	9600	600
2970	9990	180	180	9930	600	9600	9600	7600
2860	9990	180	180	9930	100	100	100	100
3080	9990	180	180	9930	600	9600	9600	9600
2640	9990	180	180	9930	100	100	100	100
2420	9990	180	180	9930	100	100	100	100
2310	9990	180	180	9930	600	9600	9600	600
3520	15	30	30	30	100	100	100	100
3190	9990	180	180	9930	100	100	100	100
2970	9990	180	180	9930	100	100	100	100
3080	9990	180	180	9930	100	100	100	100
2420	9990	30	30	30	100	100	100	100
2860	9990	180	180	9930	100	100	100	100
2970	9990	180	180	9930	100	100	100	100
2860	9990	180	180	9930	100	100	100	100
2860	9990	180	180	9930	100	100	100	100
2750	9990	180	180	9930	600	9600	9600	9600
2640	9990	30	30	30	100	100	100	100
2530	9990	180	180	9930	100	100	100	100
2530	15	30	30	30	100	100	100	100
3190	9990	180	180	9930	100	100	100	100
2970	15	30	30	30	100	100	100	100
2970	9990	180	180	9930	100	100	100	100
2420	9990	180	180	9930	100	100	100	100
2750	9990	180	180	9930	100	100	100	100
2750	9990	180	180	9930	600	9600	9600	600
2860	9990	180	180	9930	100	100	100	100
3080	9990	180	180	9930	600	9600	9600	600
2640	15	30	30	30	100	100	100	100
340	1215	630	480	780	2100	3100	9600	9600
340	1365	780	630	5730	2100	2600	9600	9600
425	1215	630	480	1080	2100	3600	9600	9600
425	1215	780	480	3780	2600	3100	9600	9600
425	915	630	480	6630	2100	2600	9600	9600
425	1440	780	480	4080	2100	3100	9600	9600
425	2190	780	480	1380	2100	2600	9600	9600
425	1515	780	480	6030	2100	2600	9600	9600
425	1365	630	480	9930	2100	2600	9600	9600
425	1440	780	630	9930	2100	3100	9600	9600
510	1140	780	630	9330	2100	3600	9600	9600
595	1890	780	480	2430	2600	3100	9600	9600
510	1590	630	480	8730	2100	3100	9600	9600
425	1290	780	480	9930	2100	3600	9600	9600
425	1140	780	480	1230	2100	2600	9600	9600
340	1290	780	480	9930	2100	2600	9600	9600
340	1215	780	480	9030	2100	3100	9600	9600
425	1065	780	630	3930	2600	3100	9600	9600
340	915	780	630	9930	2100	3600	9600	9600
340	1815	780	480	780	2100	3100	9600	9600
425	1290	780	480	9030	2100	3100	9600	9600
425	1140	780	480	9930	2100	3100	9600	9600
425	1290	780	480	9930	2100	2600	9600	9600
425	990	780	630	9930	2100	3100	9600	9600
510	1140	780	630	6630	2100	3100	9600	9600
425	1140	780	480	9930	2100	3100	9600	9600
425	1440	780	480	6930	2100	3100	9600	9600
340	1140	780	480	1530	2600	4100	9600	9600
510	1215	780	480	930	2100	2100	9600	9600
425	1140	780	480	7830	2100	2100	9600	9600
360	465	480	1230	9930	1600	5600	9600	3600
360	690	630	1530	9930	1600	7100	9600	3100
360	615	480	1230	9930	1600	4600	9600	3600
420	690	630	2280	9930	1600	9600	9600	2600
360	465	630	1530	9930	1600	7100	9600	3100
300	765	630	2130	9930	1600	9600	9600	3100
360	540	630	3480	9930	1600	9600	9600	1600
360	690	630	2580	9930	1600	8600	9600	2600
360	690	630	930	9930	1600	9600	9600	3100
360	765	630	1980	9930	1600	3600	9600	3100
300	540	630	1080	9930	1600	5100	9600	3100
360	690	630	1980	9930	1600	7600	9600	1600
360	765	480	630	9930	1600	3100	9600	3100
420	765	630	3630	9930	1600	5100	9600	2100
300	615	630	1830	9930	1100	8600	9600	2100
300	465	630	1230	9930	1600	9600	9600	2100
300	465	630	930	9930	1600	7100	9600	2100
360	540	630	780	9930	1600	5100	9600	2100
360	765	630	1080	9930	1100	7600	9600	1100
300	615	630	1080	9930	1600	6100	9600	2100
300	615	630	3630	9930	1600	3600	9600	3100
420	840	630	1230	9930	1600	4600	9600	3100
360	390	630	330	9930	1600	5600	9600	3600
360	540	630	1380	9930	1600	6600	9600	2600
300	765	630	1380	9930	1600	9600	9600	2100
420	540	630	1230	9930	1600	9600	9600	1600
300	465	630	630	9930	1600	6100	9600	1100
360	840	480	480	9930	1600	7600	9600	2100
300	540	480	930	9930	1600	9600	9600	2100
420	1365	630	1530	9930	1600	2600	9600	2100
475	1815	630	480	2280	2100	3100	9600	9600
380	1440	630	630	7380	2100	3600	9600	9600
570	1365	630	480	1530	2100	3100	9600	9600
475	1740	630	630	1380	2100	3100	9600	9600
475	915	630	480	9180	2100	3600	9600	9600
380	2190	630	480	9930	2100	3100	9600	9600
475	1515	630	630	3330	2100	3100	9600	9600
570	1440	630	480	6330	2100	3600	9600	9600
665	1290	480	480	9930	2100	3100	9600	9600
475	1590	630	480	1680	2100	3100	9600	9600
475	1665	630	630	3480	2100	3600	9600	9600
570	1740	630	480	6330	2100	3100	9600	9600
475	1665	630	330	9930	2100	3100	9600	9600
380	1365	630	630	2880	2100	3100	9600	9600
570	1365	630	480	8280	2100	3600	9600	9600
475	1740	630	480	5880	2100	2600	9600	9600
570	1815	630	480	4530	2100	3100	9600	9600
475	1365	630	630	4080	2100	3600	9600	9600
475	1365	630	480	1080	2100	3100	9600	9600
475	1665	630	480	3030	2100	3600	9600	9600
570	1290	630	630	9930	2100	3100	9600	9600
475	1065	630	630	3330	2100	2600	9600	9600
475	1440	630	480	7380	2100	2600	9600	9600
475	1440	630	480	1080	2100	3600	9600	9600
570	1290	630	480	9930	2100	2600	9600	9600
475	1215	630	480	9930	2100	3600	9600	9600
570	1890	630	630	5580	2100	3100	9600	9600
475	1215	630	480	2730	2100	3100	9600	9600
475	1065	630	480	1380	2100	3600	9600	9600
570	1665	630	480	9930	2100	2600	9600	9600
440	390	180	180	9930	600	2600	9600	9600
440	390	180	180	7380	600	2100	9600	9600
550	390	180	330	9930	600	1600	9600	9600
550	465	180	180	9930	600	2100	9600	600
440	465	180	180	9330	600	1600	9600	9600
440	465	180	180	9930	600	2100	9600	9600
440	390	180	180	9930	600	3100	9600	9600
550	390	180	180	9930	600	2100	9600	7600
440	240	180	180	2730	600	1600	9600	9600
440	465	180	180	7830	600	2100	9600	9600
440	690	180	180	9930	600	1600	9600	9600
440	465	180	180	8580	600	2600	9600	9600
550	615	180	180	9930	600	1600	9600	600
550	315	180	180	8880	600	1600	9600	1100
440	465	180	180	2430	600	1600	9600	9600
330	240	180	180	9930	600	1100	9600	9600
440	465	180	180	9930	600	2100	9600	9600
440	390	180	180	5130	600	2100	9600	9600
440	315	180	180	8130	600	1600	9600	9600
440	465	180	180	9930	600	2100	9600	600
330	465	180	180	9930	600	2100	9600	9600
550	465	180	180	8580	600	2100	9600	1100
550	465	180	180	4380	600	1600	9600	9600
440	540	180	180	2880	600	1600	9600	9600
550	540	180	180	3630	600	1600	9600	9600
550	390	180	180	6330	600	2600	9600	9600
440	240	180	180	1680	600	2100	9600	600
550	315	180	180	7080	600	2100	9600	9600
440	540	180	180	9930	600	2100	9600	9600
330	540	180	180	9930	600	2100	9600	9600
425	1515	630	480	9930	2100	2600	9600	9600
340	990	780	630	9930	2100	3600	9600	9600
595	1290	630	330	2280	2100	2600	9600	9600
510	915	780	480	1080	2600	2600	9600	9600
340	1365	630	480	7080	2100	2600	9600	9600
340	1515	780	480	9930	2100	3100	9600	9600
340	1215	780	630	1830	2100	3100	9600	9600
340	1440	780	480	5580	2100	2600	9600	9600
425	1140	630	480	2130	2100	2100	9600	9600
425	1365	780	630	6180	2100	2600	9600	9600
425	990	780	630	3180	2100	3100	9600	9600
510	1590	780	630	9930	2600	2600	9600	9600
595	1065	630	480	9930	2100	2600	9600	9600
425	1140	780	480	8280	2100	3100	9600	9600
340	1215	780	480	7830	2100	3100	9600	9600
425	1290	630	480	630	2100	2600	9600	9600
510	1140	780	480	6030	2100	3600	9600	9600
510	1965	780	630	1680	2600	2600	9600	9600
425	1140	780	630	5880	2100	2600	9600	9600
425	1590	780	480	5280	2100	2600	9600	9600
340	1290	780	480	5430	2100	3100	9600	9600
340	1140	780	480	5580	2100	3100	9600	9600
425	1440	780	480	9930	2100	2600	9600	9600
425	1215	780	630	9930	2100	2600	9600	9600
425	765	780	480	9630	2100	2600	9600	9600
425	1215	780	480	8430	2600	2600	9600	9600
425	1440	780	480	6930	2100	2600	9600	9600
510	1065	780	480	1980	2100	3100	9600	9600
425	990	780	480	930	2100	2600	9600	9600
510	1890	780	480	4680	2100	2600	9600	9600
1020	6240	9780	2880	2130	9600	8100	6100	9100
1105	8265	9930	3030	2130	9600	8100	6100	9600
1020	9390	9930	2880	2130	9600	8100	6100	6600
1105	7365	9930	3030	2130	9600	8100	6100	9600
1020	9165	9930	2880	1980	9600	8100	6100	9600
1020	9990	9930	3030	2130	9600	8100	6100	9600
1105	8190	9630	3030	2130	9600	8100	6100	9600
1020	9990	9930	2880	2130	9600	8600	6100	9600
1020	5715	9780	2880	1980	9600	8100	6100	9600
1020	7815	9930	2880	2130	9600	8100	6100	9600
1020	4665	9930	3030	2280	9600	8100	6100	9600
1105	8190	9930	3030	2280	9600	8600	6100	9600
935	7065	9780	2880	2130	9600	8100	6100	9600
1020	6765	9780	2880	2130	9600	8100	6100	6100
1105	5940	9780	3030	2130	9600	8600	6100	6600
1105	5940	9780	2880	2130	9600	8100	6100	9600
1020	9990	9930	3030	2130	9600	8100	6100	9600
1020	9990	9930	3030	2130	9600	8100	6100	9600
1020	9165	9780	2880	1980	9600	8100	6100	9600
1020	6840	9930	3030	2130	9600	8600	6100	9600
935	7515	9930	3030	2130	9600	8100	6100	9600
1020	9990	9930	2880	2130	9600	8100	6100	9600
935	6615	9630	2880	2130	9600	8100	6100	9600
1020	8490	9780	2880	2130	9600	8100	6100	9600
1020	7740	9930	2880	2130	9600	8100	6100	9600
1020	5415	9780	3030	2130	9600	8100	6100	9600
1020	9990	9930	3030	2280	9600	8100	6100	9600
1020	5490	9930	3030	2130	9600	8100	6100	9600
1020	9990	9930	3030	2130	9600	8100	6100	9600
1020	6540	9930	2880	2130	9600	8100	6100	9600
360	615	630	1230	9930	1600	9600	9600	2100
360	690	630	4830	9930	2100	4100	9600	4100
420	615	480	1080	9930	1600	9600	9600	2100
360	840	630	2430	9930	2100	7600	9600	2100
300	540	630	630	9930	1600	5600	9600	2100
360	690	630	2730	9930	1600	5100	9600	2600
360	765	630	1680	9930	1600	4100	9600	2600
300	615	630	480	9930	1600	3600	9600	2100
300	765	630	930	9930	1600	7600	9600	3600
360	615	630	1980	9930	1600	7600	9600	2100
300	690	630	780	9930	1600	9600	9600	3100
420	615	480	630	9930	1600	4100	9600	4100
420	690	480	1530	9930	1600	6100	9600	2100
300	690	630	1980	9930	1600	4100	9600	3100
360	765	630	1080	9930	1600	2100	9600	3100
360	540	480	1230	9930	1600	8100	9600	2100
360	615	630	1080	9930	1600	1600	9600	2600
420	540	630	2130	9930	2100	3600	9600	2100
360	690	630	1230	9930	1600	9600	9600	1600
240	615	630	930	9930	1600	1600	9600	2100
420	765	630	930	9930	1600	3600	9600	2600
360	540	630	330	9930	1600	5600	9600	2100
420	540	630	5430	9930	1600	3600	9600	2600
420	690	630	780	9930	1600	7600	9600	2600
300	765	630	1380	9930	1600	9600	9600	2600
420	765	630	630	9930	1600	9600	9600	2600
360	690	630	1980	9930	1600	6600	9600	2600
360	540	480	480	9930	1600	9600	9600	1600
420	540	480	930	9930	1600	8100	9600	2600
360	615	630	2130	9930	1600	3100	9600	2100
840	9990	8130	2430	1980	9600	7100	9600	9100
840	9990	8130	2580	2430	9600	7600	8100	6100
960	9990	7980	2430	2280	9600	7100	7600	7600
900	9990	7830	2430	2280	9600	7100	9600	5600
960	9990	7980	2430	1830	9600	7100	8100	7600
960	9990	7980	2430	2580	9600	7100	7100	8600
900	9990	7830	2430	2130	9600	7100	8600	6100
900	9990	7830	2430	2130	9600	7100	7600	8600
840	9990	7830	2430	1830	9600	7100	9600	9600
840	9990	7830	2430	1980	9600	7100	7100	6600
780	9990	7980	2430	2880	9600	7100	8100	8100
900	9990	8130	2430	1980	9600	7100	6600	5100
780	9990	7830	2280	1830	9600	7100	7100	6100
900	9990	7980	2430	2730	9600	7100	8100	9600
1020	9990	8130	2430	2430	9600	7100	7100	7100
840	9990	7680	2430	1680	9600	7100	6100	6600
840	9990	7830	2580	1980	9600	7100	7600	6600
960	9990	7830	2580	2130	9600	6600	9600	8100
840	9990	7830	2580	2280	9600	7100	8100	7600
840	9990	7980	2430	1980	9600	7100	9600	7100
900	9990	8130	2580	1980	9600	7100	6600	7600
900	9990	7980	2580	1980	9600	6600	6100	7600
900	9990	7980	2430	1980	9600	7100	6100	9600
900	9990	7830	2430	2130	9600	7100	9600	8600
840	9990	7830	2430	2430	9600	7100	7100	4100
840	9990	7830	2280	2430	9600	7100	8600	6600
840	9990	7830	2430	2430	9600	7100	6600	7100
900	9990	7830	2280	2580	9600	7100	6100	7100
960	9990	7980	2430	2430	9600	7100	7100	9600
900	9990	7830	2430	1980	9600	7100	6100	9600
380	1815	630	480	9930	2100	3100	9600	9600
380	1515	630	630	9930	2100	3600	9600	9600
570	1290	630	630	9930	2100	3100	9600	9600
665	1965	630	630	9930	2100	3100	9600	9600
475	915	630	480	2880	2100	3600	9600	9600
475	2115	630	480	4080	2100	3600	9600	9600
475	1215	630	630	1980	2100	3100	9600	9600
665	1590	630	480	9930	2100	3100	9600	9600
570	1440	630	480	3030	2100	3100	9600	9600
570	1590	630	480	930	2100	3100	9600	9600
380	1365	630	630	4380	2600	3600	9600	9600
570	1965	630	480	4830	2100	3100	9600	9600
570	1665	630	630	9930	2100	3600	9600	9600
570	1365	630	630	8730	1600	3100	9600	9600
475	1365	630	480	3930	2100	3600	9600	9600
380	1815	630	480	9930	2100	3100	9600	9600
475	1815	630	480	7980	2100	2600	9600	9600
665	2565	780	630	8280	2100	3600	9600	9600
570	1140	630	480	1830	2100	3100	9600	9600
570	1515	630	480	5280	2100	3600	9600	9600
475	1815	630	630	3480	2100	3600	9600	9600
570	1965	630	480	8280	2100	3100	9600	9600
475	1590	630	480	7230	2100	3100	9600	9600
475	1965	630	480	1080	2100	3600	9600	9600
475	1140	630	630	2130	2100	2600	9600	9600
475	1290	630	480	5130	2100	3100	9600	9600
570	1965	630	630	1380	2100	3100	9600	9600
570	1590	630	480	6630	2100	3600	9600	9600
475	1515	630	480	1080	2100	3600	9600	9600
570	1740	630	480	3630	2100	3100	9600	9600
1425	8115	9930	2880	2130	9600	8100	6100	9600
1425	9090	9930	3030	2280	9600	8100	6100	9600
1520	8190	9780	2880	2130	9600	8100	6100	9600
1425	6690	9930	2880	2130	9600	8100	6100	9600
1425	7140	9930	3030	2130	9600	8100	6100	9600
1425	7140	9780	3030	2130	9600	8600	6100	9600
1520	7140	9930	3030	2130	9600	8600	6100	9600
1425	7965	9930	2880	2130	9600	8600	6600	9600
1520	7065	9930	2880	2130	9600	8100	6100	9600
1425	6990	9930	3030	2130	9600	8100	6600	9600
1615	7140	9930	3030	2280	9600	8600	6100	9600
1425	6240	9930	3030	2130	9600	8100	6100	9600
1520	9990	9930	3030	2280	9600	8100	6100	9600
1425	9465	9630	2880	2130	9600	8100	6100	9600
1425	9990	9930	2880	2130	9600	8100	6100	6600
1425	9990	9780	2880	2130	9600	8100	6100	9600
1520	7440	9930	2880	2130	9600	8100	6100	9600
1425	5865	9930	3030	2130	9600	8100	6100	9600
1425	9615	9780	2880	2130	9600	8100	6100	9600
1425	8190	9930	3030	2280	9600	8600	6100	9600
1425	9465	9930	3030	2280	9600	8100	6100	9600
1425	7215	9780	3030	2130	9600	8100	6100	9600
1425	8415	9780	2880	2130	9600	8100	6100	9600
1425	6915	9780	2880	2130	9600	8100	6100	9600
1520	9990	9930	2880	2130	9600	8600	6600	9600
1425	9165	9780	2880	2130	9600	8100	6100	9600
1425	8865	9780	3030	2130	9600	8100	6100	9600
1520	9390	9780	2880	2130	9600	8100	6100	9600
1330	9990	9780	3030	2130	9600	8100	6100	9600
1425	8715	9630	3030	2130	9600	8100	6100	9600
440	390	180	180	1080	600	2100	9600	9600
440	390	180	180	4380	600	2100	9600	9600
550	540	180	330	3630	600	1600	9600	9600
440	540	180	180	3630	600	2100	9600	9600
330	390	180	180	9930	600	2100	9600	9600
550	465	180	180	9930	600	2100	9600	9600
440	390	180	180	9930	600	3100	9600	9600
440	390	180	180	9930	600	2100	9600	7600
550	240	180	180	9930	600	1600	9600	9600
550	690	180	180	3630	600	1600	9600	9600
550	465	180	330	9930	600	2100	9600	9600
440	390	180	180	2730	600	3100	9600	9600
440	615	180	180	9930	600	2100	9600	600
550	315	180	180	8880	600	2600	9600	9600
550	390	180	180	3780	600	2100	9600	9600
330	240	180	180	9930	600	1600	9600	9600
440	615	180	180	6930	600	2100	9600	9600
440	540	180	180	9930	600	3100	9600	9600
660	390	180	180	3030	600	2100	9600	9600
440	315	180	180	9930	600	2100	9600	8600
440	540	180	180	3180	600	1600	9600	9600
440	765	180	180	8580	600	1600	9600	9600
550	465	180	180	1980	600	1600	9600	9600
440	690	180	180	6330	600	1600	9600	9600
440	315	180	180	5580	600	2600	9600	9600
550	390	180	180	6030	600	2100	9600	9600
440	240	180	180	1080	600	2100	9600	600
440	390	180	180	5880	600	2100	9600	9600
330	465	180	180	9930	600	2100	9600	9600
440	690	180	180	4680	600	2600	9600	9600
2090	9240	9330	2880	2130	9600	8600	6600	9600
2090	8340	9180	2880	2130	9600	8100	6100	9600
2090	9240	9180	2880	2130	9600	8100	6100	9600
2090	9990	9480	2880	2130	9600	8100	6100	9600
2200	9390	9480	2880	2130	9600	8100	6100	9600
2310	7290	9480	2880	2130	9600	8100	6100	9600
2090	9990	9330	2880	2130	9600	8100	6100	9600
2200	8265	9480	2880	2130	9600	8100	6100	9600
1980	9915	9480	2730	2130	9600	8100	6100	9600
2200	9990	9180	2880	1980	9600	8100	6100	9600
2200	8790	9330	2880	2130	9600	8100	6100	9600
2090	8490	9330	2880	2130	9600	8100	6600	9600
2090	9990	9330	2880	2130	9600	8100	6100	9600
2090	9990	9330	2730	1980	9600	7600	5600	9600
2200	8490	9330	2880	2130	9600	8100	6100	9600
2090	9690	9330	2730	1980	9600	8100	6100	9600
2200	8115	9330	2880	2130	9600	8100	6100	9600
2200	9990	9330	2880	2130	9600	8100	6100	9600
2090	9990	9330	2880	2130	9600	8100	6100	9600
2090	6990	9480	2880	2130	9600	8100	6600	9600
2090	7365	9630	2880	2130	9600	8100	6600	9600
2090	9990	9330	2880	2130	9600	8100	6100	9600
2090	8790	9330	2730	1980	9600	8100	6100	9600
2200	8865	9330	2880	2130	9600	8100	6100	9600
2090	8865	9480	2880	2130	9600	8100	6600	9600
2200	8715	9330	2730	1980	9600	8100	6100	9600
2090	8415	9330	2730	1980	9600	7600	6100	9600
1980	9465	9330	2730	1980	9600	8100	6100	9600
1980	9990	9180	2880	2130	9600	8100	6100	9600
2090	8340	9330	2880	2130	9600	8100	6600	9600
4165	990	180	9930	4680	600	9600	9600	1100
2380	765	180	3180	9930	600	3600	8600	1100
3825	915	180	330	9930	600	5600	9600	1600
4845	915	180	1980	9930	100	100	100	100
3485	615	180	9930	9930	600	1100	9600	1100
2635	690	180	5130	9930	600	5100	9600	1100
4080	540	180	2580	9930	100	100	100	100
3655	690	180	1230	9930	600	6100	9600	600
3825	690	180	9930	9930	600	600	9600	1100
2975	765	180	4980	9930	600	600	9600	600
2635	1740	180	9930	9930	600	4100	5600	1100
3570	1215	180	5730	9930	600	600	9600	600
3145	240	180	9930	9930	600	6100	9600	600
3570	540	180	3480	9930	600	600	9600	1600
5185	540	180	180	180	100	100	100	100
3145	240	180	2280	9930	600	2100	9600	1100
3315	465	180	9930	9930	600	9600	9600	1100
5100	315	180	9930	9930	600	8100	2100	600
2890	315	180	6330	9930	600	9600	9600	5600
1955	1290	180	480	9930	600	9600	9600	2600
2635	315	180	9930	9930	600	8600	9600	2100
3655	90	180	630	9930	100	100	100	100
3315	465	180	9930	9930	600	5100	9600	1100
2975	1140	180	1530	9930	600	9600	8600	600
2465	1215	180	9930	9930	600	6600	9600	600
2805	840	180	180	9930	600	1100	9600	600
3485	1965	180	9930	9930	600	2600	9600	1100
2380	765	180	9930	9930	600	9600	2600	1100
2550	240	180	9930	1230	600	7100	9600	1100
4250	240	180	330	9930	600	1100	9600	6600
1080	1815	180	9930	1080	600	5100	3600	600
2040	690	180	9930	9930	600	9600	2100	1100
1320	165	180	9930	9930	600	1100	9600	1600
660	165	180	1080	9930	600	9600	8600	2100
840	1815	180	9930	930	600	1100	9600	600
1080	990	180	7680	9930	600	9600	9600	1600
480	390	180	8430	8130	600	5100	9600	600
1200	690	180	9930	9930	1100	9100	600	600
480	615	180	6480	9930	600	4100	9600	1600
1020	1140	180	180	9930	600	4100	9600	1100
420	615	180	9930	9930	1100	2600	2600	2600
840	240	180	9930	7380	600	5600	7100	2100
1500	315	180	9930	9930	600	9600	9600	1600
1740	690	180	9930	9930	600	2600	9600	1100
840	1440	180	4530	9930	600	7100	6600	1600
780	1290	180	9930	8280	600	1600	1600	1600
480	690	180	9930	5880	600	3100	9600	600
840	1065	180	9930	9930	600	9600	1600	2600
720	1140	180	9630	9930	600	9600	9600	1600
600	915	180	180	180	600	9600	9600	1600
420	615	180	9930	9930	600	9600	1600	1100
960	1290	180	9930	180	600	1600	1100	1600
1260	1140	180	1080	9930	600	9600	9600	600
480	1890	180	9930	9930	600	8600	9600	1100
600	465	180	9930	9930	600	600	9600	1100
420	1365	180	6030	9930	600	9600	6600	1100
300	840	180	9930	2130	600	7100	9600	1100
1560	1140	180	780	9930	600	1100	9600	1600
1620	1065	180	9930	9930	1100	4100	3100	1100
360	1590	180	9930	9930	600	5100	9600	1100
5130	315	180	180	9930	600	4600	9600	1100
7885	840	180	330	9930	600	9600	9600	1100
5510	165	180	4680	9930	600	9100	9600	1100
6745	765	180	1830	9930	600	7600	9600	600
190	240	180	9930	9930	600	600	9600	1100
190	1140	180	9930	9930	600	4100	3600	600
3800	465	180	330	9930	600	600	1600	1100
7030	315	180	9930	9930	600	600	9600	1100
5130	90	180	180	9930	600	600	9600	1100
5225	390	180	9930	9930	600	4600	9600	1100
5510	240	180	630	9930	600	6600	9600	1600
8265	465	180	9930	9930	600	1100	9600	600
5700	465	180	2730	9930	600	600	2600	600
6745	315	180	9930	9930	600	5100	4600	1100
5510	915	180	9930	180	600	1600	1100	600
7030	840	180	9930	9930	600	600	9600	1100
8360	165	180	9930	9930	600	600	9600	1100
6840	390	180	3030	9930	600	9600	9600	1100
5700	990	180	9930	9930	100	100	100	100
6745	840	180	180	9930	100	100	100	100
5700	915	180	9930	9930	600	6600	9600	1100
5985	165	180	1980	9930	600	1100	9600	1600
5890	15	30	30	30	100	100	100	100
6270	540	180	180	9930	600	600	9600	1600
4560	1440	180	3630	9930	600	2100	9600	2100
4275	315	180	180	9930	600	9600	9600	1100
5890	690	180	180	9930	600	7600	5100	1100
6555	615	180	9930	9930	600	6600	9600	2100
5035	390	180	9930	9930	600	9600	9600	1100
5985	915	180	9930	9930	600	9600	7600	600
10010	465	30	30	30	100	100	100	100
10010	1065	180	180	9930	600	600	9600	2100
10010	315	180	180	9930	100	100	100	100
10010	165	30	30	30	100	100	100	100
10010	165	180	180	9930	100	100	100	100
10010	240	180	180	9930	600	1600	4100	600
10010	15	30	30	30	100	100	100	100
10010	240	180	480	3780	600	600	9600	1100
10010	315	30	30	30	100	100	100	100
10010	390	180	930	9930	100	100	100	100
10010	165	180	180	9930	600	600	5600	1100
10010	690	180	180	9930	100	100	100	100
10010	390	180	180	9930	600	600	9600	600
10010	315	180	2430	9930	600	2600	9600	600
10010	90	180	180	9930	600	1100	8100	600
10010	240	180	9930	9930	600	1600	9600	1100
10010	915	180	180	9930	600	600	9600	1600
10010	390	30	30	30	100	100	100	100
10010	165	180	330	9930	600	600	9600	600
10010	390	180	180	9930	100	100	100	100
10010	90	180	4080	9930	600	2600	3100	1600
10010	465	180	180	9930	100	100	100	100
10010	165	180	930	9930	600	1600	9600	600
110	165	180	180	9930	600	4600	9600	600
10010	90	180	180	9930	600	1600	9600	600
10010	90	180	2280	9930	100	100	100	100
10010	615	180	180	9930	600	2100	9600	600
10010	240	180	180	9930	600	600	9600	600
10010	390	180	180	8880	600	5100	9600	600
10010	315	180	330	9930	600	4600	9600	600
340	240	180	180	9930	600	7100	9600	1100
255	90	180	180	9930	600	7600	9600	600
255	240	180	180	9930	600	1600	9600	600
340	1065	180	180	9930	600	9600	9600	600
340	465	180	180	9930	600	9100	9600	600
340	165	180	180	9930	600	9600	9600	600
340	315	180	180	9930	600	9600	9600	600
340	465	180	180	9930	600	9600	9600	600
255	165	180	180	9930	600	2600	9600	600
255	240	180	180	9930	600	9600	9600	600
340	315	180	180	9930	600	9600	9600	1600
255	390	180	180	9930	600	9600	9600	600
425	240	180	180	9930	600	8600	9600	600
425	1065	180	180	9930	600	4100	9600	600
425	315	180	180	9930	600	9600	9600	600
255	465	180	180	9930	600	4600	9600	600
340	690	180	180	9930	600	7600	9600	600
255	240	180	180	9930	600	600	9600	600
425	540	180	180	9930	600	3600	9600	600
340	315	30	30	30	100	100	100	100
255	165	180	180	9930	600	3600	9600	600
340	615	180	180	9930	600	1100	9600	600
340	240	180	180	9930	600	9600	9600	8600
425	240	180	180	9930	600	7100	9600	1100
340	390	180	180	9930	600	5100	9600	9100
340	240	180	180	9930	600	8600	9600	600
340	240	180	180	9930	600	1600	9600	600
340	165	30	30	30	100	100	100	100
340	615	180	180	9930	600	9600	9600	600
340	390	180	180	9930	600	7100	9600	600
120	315	180	180	7080	600	2100	9600	1600
180	240	180	2130	9930	600	9100	9600	1100
240	240	180	3330	9930	600	6600	9600	600
180	240	180	2280	9930	600	9600	9600	1600
180	240	180	2880	9930	600	4100	9600	1600
300	315	180	480	9930	600	3600	9600	1100
300	315	180	1380	9930	600	5100	9600	600
180	240	180	3630	9930	600	8600	9600	1100
180	165	180	930	9930	600	3600	9600	1100
240	390	180	930	9930	600	5100	9600	1100
180	165	180	480	9930	600	9600	9600	600
240	240	180	8880	9930	600	9600	9600	1100
360	240	180	330	9930	600	9600	9600	1100
180	240	180	3630	9930	600	9600	9600	600
180	240	180	5430	9930	600	9600	9600	600
240	315	180	1230	9930	600	4100	9600	1100
180	315	180	930	9930	600	9600	9600	1100
180	240	180	1080	9930	600	3600	9600	1600
240	315	180	330	9930	600	9600	9600	600
240	240	180	1080	9930	600	6600	9600	1100
300	240	180	1980	9930	600	6100	9600	1100
180	165	180	4530	9930	600	3600	9600	2600
180	315	180	180	9930	600	8100	9600	2100
180	315	180	1980	9930	600	1100	9600	600
180	240	180	3330	9930	600	3100	9600	1600
240	315	180	630	9930	600	9100	9600	600
180	390	180	1980	9930	600	9600	9600	1100
180	240	180	8130	9930	600	1100	9600	1100
300	315	180	930	9930	600	9600	9600	1600
180	165	180	180	9930	600	4100	9600	1100
380	3240	180	180	9930	600	6600	9600	600
570	1140	180	180	9930	100	100	100	100
665	4290	180	180	9930	100	100	100	100
475	1965	180	180	9930	600	9600	9600	600
570	3165	180	180	9930	600	9600	9600	600
760	9390	180	180	9930	600	9600	9600	600
665	1890	180	180	9930	600	9600	9600	600
665	540	180	180	9930	600	9600	9600	600
665	615	180	180	9930	600	2600	9600	600
570	2190	180	180	9930	600	9600	9600	600
570	6390	180	180	9930	600	9600	9600	600
570	540	180	180	9930	100	100	100	100
665	915	180	180	9930	100	100	100	100
665	2490	180	180	9930	600	9600	9600	600
665	9990	180	180	9930	100	100	100	100
665	390	180	180	9930	600	9600	9600	600
665	2190	180	180	9930	600	9600	9600	600
570	3390	180	180	9930	100	100	100	100
665	1665	180	180	9930	600	9600	9600	600
665	15	30	30	30	100	100	100	100
570	2415	180	180	9930	600	9600	9600	600
760	390	180	180	9930	600	9600	9600	600
665	1215	180	180	9930	600	4600	9600	600
665	1365	180	180	9930	100	100	100	100
570	615	180	180	9930	600	9600	9600	600
570	3315	180	180	9930	600	9600	9600	9600
665	15	30	30	30	100	100	100	100
760	990	180	180	9930	600	9600	9600	600
570	1140	180	180	9930	600	9600	9600	600
570	690	180	180	9930	100	100	100	100
1760	9990	180	180	9930	600	9600	9600	600
1870	9990	180	180	9930	600	9600	9600	600
1870	9990	180	180	9930	100	100	100	100
1870	9990	180	180	9930	600	9600	9600	600
1650	9990	180	180	9930	600	9600	9600	600
1980	9990	180	180	9930	100	100	100	100
1980	9990	180	180	9930	100	100	100	100
1870	9990	180	180	9930	600	9600	9600	600
1980	15	30	30	30	100	100	100	100
1870	9990	180	180	9930	100	100	100	100
2090	15	30	30	30	100	100	100	100
2090	9990	180	180	9930	100	100	100	100
1870	15	30	30	30	100	100	100	100
1870	9990	180	180	9930	100	100	100	100
1870	9990	180	180	9930	100	100	100	100
1760	9990	180	180	9930	100	100	100	100
2090	9990	180	180	9930	100	100	100	100
1760	9990	180	180	9930	100	100	100	100
1760	15	30	30	30	100	100	100	100
1760	9990	180	180	9930	600	9600	9600	600
2200	15	30	30	30	100	100	100	100
1980	9990	180	180	9930	600	9600	9600	600
1870	9990	180	180	9930	100	100	100	100
1980	15	30	30	30	100	100	100	100
1540	9990	180	180	9930	600	9600	9600	600
2090	9990	180	180	9930	100	100	100	100
1980	15	30	30	30	100	100	100	100
1980	9990	180	180	9930	600	9600	9600	600
2200	9990	180	180	9930	100	100	100	100
1870	9990	180	180	9930	600	9600	9600	600
